7123848803621231162304663295691023651125538432123143632
2354610257394125630234192341273902760635412838664123691
4432102663643240643205691234632945403052158234832125630
4363221404769144335652921900454614043663285625741422172
2332022441479623305229246414206639326200882844166555476
4333211523947958664393032191626300509443386032116523412
4536620119234753243626651012343264593281061602374356821
4332566691260973788995431433212343105406303526123463116
4432511923414493096250112346605144638621160235417834548
1523049532612318989916236432162310182083945053662123115
2354612341232340867891266536015792388234999601206345123
0443212034352443212093643244537657868652696230432669434
4335221441446332627979814415460686435399252661044001427
2353222546641452336722960024485184332292690466401408625
4335321123443332101565296653448363321600197263405688561
4321123054326432117283439026948632171965655602340328078
4353261234566377143302152939483670149565388821207034315
5544327611234140497352191293099414543211267360416723598
4536620119234753243626654538823499960188234965453662078
1234326459123432645988234999601882349996017014956538882